%YAML:1.0

cam0:
  T_imu_cam:
    - [ 1.0,  1.0,  0.0, -0.025]
    - [ 0.0,  1.0,  0.0,  0.000]
    - [ 0.0,  0.0,  1.0,  0.000]
    - [ 0.0,  0.0,  0.0,  1.0 ]
  camera_model: pinhole
  distortion_coeffs: [0.18831727, -1.29052866, -0.02497694,  0.01827097,  3.7034517]
  distortion_model: radtan
  intrinsics: [600.78792655, 599.82347241, 345.52888059, 222.08009957]
  resolution: [640, 480]
