%YAML:1.0

cam0:
  T_imu_cam:
    - [-1.0,  0.0,  0.0,  0.05]
    - [ 0.0,  0.0, -1.0, -0.05]
    - [ 0.0, -1.0,  0.0, -0.07]
    - [ 0.0,  0.0,  0.0,  1.0 ]
  distortion_coeffs: [0.0034823894022493434, 0.0007150348452162257, -0.0020532361418706202, 0.00020293673591811182]
  distortion_model: equidistant
  intrinsics: [190.97847715128717, 190.9733070521226, 254.93170605935475, 256.8974428996504]
  resolution: [512, 512]

cam1:
  T_imu_cam:
    - [-1.0,  0.0,  0.0, -0.05]
    - [ 0.0,  0.0, -1.0, -0.05]
    - [ 0.0, -1.0,  0.0, -0.07]
    - [ 0.0,  0.0,  0.0,  1.0 ]
  distortion_coeffs: [0.0034003170790442797, 0.001766278153469831, -0.00266312569781606, 0.0003299517423931039]
  distortion_model: equidistant
  intrinsics: [190.44236969414825, 190.4344384721956, 252.59949716835982, 254.91723064636983]
  resolution: [512, 512]
