%YAML:1.0

cam0:
  T_imu_cam:
    - [-0.9995250378696743, 0.029615343885863205, -0.008522328211654736, 0.04727988224914392]
    - [0.0075019185074052044, -0.03439736061393144, -0.9993800792498829, -0.047443232143367084]
    - [-0.02989013031643309, -0.998969345370175, 0.03415885127385616, -0.0681999605066297]
    - [0.0, 0.0, 0.0, 1.0]
  camera_model: pinhole
  distortion_coeffs: [0.0034823894022493434, 0.0007150348452162257, -0.0020532361418706202, 0.00020293673591811182]
  distortion_model: equidistant
  intrinsics: [190.97847715128717, 190.9733070521226, 254.93170605935475, 256.8974428996504]
  resolution: [512, 512]
